461
-281
930
-756
-752
-418
-30
-769
488
895
-775
-759
275
-217
11
-7
247
-374
261
-273
923
-881
31
234
-202
-241
-179
31
-977
197
-539
-350
-781
-445
-165
-427
-603
897
983
10
240
530
-600
-266
-664
213
306
-764
-113
180
-717
578
-509
685
-780
-452
-412
-341
971
-28
-460
-992
-403
747
-697
17
416
-417
-39
-290
-594
-80
511
-228
-971
-704
549
417
-580
-297
-633
-244
-976
464
763
-370
317
-460
-37
-199
-248
321
-607
-253
-119
-650
876
487
-970
-546
-129
504
-486
838
-552
-285
-220
-115
-67
496
732
407
-606
-748
-864
-403
200
-777
621
997
-577
-227
169
282
460
-125
893
-552
-282
503
496
390
618
708
-321
192
703
-935
-327
-865
-524
-27
-586
520
-235
258
-521
254
-692
587
744
-796
-541
-198
-366
819
200
706
-482
-476
-934
-746
-956
-181
320
-667
-623
49
-567
-525
-441
124
-2
-795
-994
829
67
872
760
213
28
-626
-446
-347
508
-10
151
433
-311
-153
943
-656
-308
665
324
-926
-236
608
-715
-322
122
197
243
-745
511
355
-519
-517
-687
-437
88
-744
124
821
-528
-325
-434
499
-117
-634
-829
-957
356
-419
303
-702
-971
-738
474
663
414
699
-779
499
-527
660
826
-125
489
-155
898
-305
-133
-902
-367
-189
-283
-309
491
647
-492
-152
-934
460
625
114
647
86
-549
-973
-522
625
-144
-405
-738
-591
-652
488
-395
-502
933
-319
-565
-616
-987
255
557
732
-810
729
-966
-236
-588
-70
738
486
-917
-255
-951
-647
-6
-91
795
-433
623
-13
-86
-781
-878
-523
-237
379
-402
-367
-257
970
922
-821
213
-107
133
-88
-643
847
272
-160
15
-156
181
-705
-983
-929
757
424
95
8
-480
150
845
669
-643
-591
-440
331
458
921
995
-311
-467
323
-770
-767
376
-835
600
-963
123
-178
-475
-998
308
-577
506
-885
945
-383
-747
-387
-666
-55
714
594
778
-385
233
-131
-244
207
-741
-855
-573
233
954
-331
-126
827
336
176
923
937
136
-467
826
518
257
291
-766
162
-863
612
710
-544
806
-856
125
-637
-360
165
104
260
266
573
-560
-125
351
-268
-984
7
537
909
786
195
-900
656
573
376
-271
-182
-276
-111
999
-688
-830
575
772
-79
457
-175
938
-664
835
-305
-380
-629
775
275
-401
307
637
-267
-266
-440
69
882
357
-393
-367
-872
351
531
738
-463
443
-794
-304
-295
441
-414
-940
989
-845
-407
-401
-686
-178
-235
638
-897
-832
789
-907
-567
-901
-620
-649
617
-585
-681
456
-981
-818
-749
-86
486
-575
-647
691
-589
-503
848
848
-916
311
957
-365
114
748
992
-697
923
308
622
340
326
13
807
-722
-916
647
-668
24
-107
243
159
246
-348
573
-2
-256
-928
-74
-611
-30
-576
-854
-761
-544
611
-959
-31
-937
-679
-31
-669
-817
497
960
-380
412
-33
791
-816
52
-935
-910
-71
907
703
-93
-536
297
950
-473
-994
910
-577
-239
363
-260
-536
34
170
-686
718
-294
-665
-231
61
-553
-946
470
791
-772
-942
-224
-500
-482
-250
-164
-724
-120
-181
5
-42
-306
-617
-345
-52
846
830
522
374
-366
-400
459
-545
-398
431
310
479
-633
986
992
-922
586
-885
897
242
811
-422
639
-674
686
876
-363
983
863
-148
-318
-437
70
403
-418
384
-906
487
312
207
-625
-226
346
-629
675
13
94
-990
934
-255
42
-610
766
681
774
-280
26
-466
142
715
-225
-928
931
-176
237
591
556
699
97
195
715
273
948
-952
826
549
512
-919
771
46
-750
39
-609
-427
315
423
-170
-976
544
70
37
87
-686
473
-754
-80
-824
-891
121
-981
376
-841
201
-804
916
194
9
368
-767
-349
580
-547
243
690
-828
75
-75
631
259
-775
-523
-9
813
766
299
-982
-953
-339
233
377
-984
868
238
-327
-427
-943
373
-961
795
816
-245
-465
-187
102
926
309
-626
163
784
-737
-160
488
107
-107
683
245
206
-154
817
413
854
464
30
905
88
-532
-363
-699
26
772
453
-117
-63
321
-6
-198
-299
869
-784
258
929
-702
-557
-337
599
-987
114
-896
656
-573
529
-925
-831
894
989
639
745
-317
91
941
-377
260
-470
-413
280
-467
151
862
862
325
190
-292
860
579
-210
884
-658
298
630
162
-43
931
-117
3
-736
-395
-453
953
-778
676
460
-21
-272
-253
-466
237
884
-793
-577
359
187
-455
621
-188
228
-873
598
746
386
-231
-117
48
-768
-821
131
689
-843
651
620
444
835
-719
-884
-827
-199
-842
965
-708
440
130
503
-792
658
-522
736
399
478
-973
-466
276
88
-11
805
-642
902
751
716
-31
-890
116
-158
220
419
511
-834
-642
-426
-816
580
-139
8
276
339
-507
213
383
555
-815
205
153
604
-743
-731
994
921
400
42
131
-852
104
997
771
163
-788
-950
690
-264
170
-565
-890
-274
-900
473
655
983
-590
794
841
290
909
582
126
722
-86
683
517
442
-695
449
-149
389
568
8
940
-254
657
109
94
-484
-18
108
-709
-921
-460
319
-39
-74
467
612
583
730
-152
572
790
53
380
-336
-223
-771
429
286
-629
188
183
-590
-940
-173
623
736
679
-881
60
637
-333
-844
82
-803
-204
-122
-756
-650
637
502
933
84
581
-519
-940
310
811
-283
994
